28 252 397
7 590 889
15 930 1085
11 2244 2308
47 2744 2889
51 3145 3334
5 4020 4175
19 4494 4568
10 5015 5314
29 5662 5764
8 6090 6145
35 6300 6393
28 252 397
15 910 1089
11 2250 2343
47 2744 2889
3 3599 3898
5 4032 4177
19 4460 4563
29 5670 5763
8 6076 6150
35 6300 6393
28 224 369
7 500 755
15 812 957
47 2376 2489
5 3420 3513
29 4720 4803
35 5220 5313
32 3661 3701
22 4008 4132
33 4224 4288
34 4501 4541
1 4992 5056
38 5474 5548
29 5706 5799
50 5852 5997
17 6080 6163
42 129 348
30 936 1201
32 3660 3724
46 4704 4828
1 4992 5075
38 5488 5562
29 5728 5811
50 5828 6067
17 6102 6195
42 136 480
30 868 1013
33 3521 3561
46 3878 3952
1 4092 4156
38 4466 4506
29 4662 4736
50 4758 4893
38 96 179
44 612 705
36 768 832
49 980 1054
31 2268 2547
19 2964 3028
43 3780 3925
41 4004 4149
47 4308 4372
5 5136 5200
1 5296 5379
29 414 507
36 768 832
49 980 1054
38 3184 3267
43 3750 4003
47 4298 4372
5 5152 5192
1 5280 5383
38 96 160
29 360 453
49 854 928
10 1470 1625
31 1950 2085
43 3164 3309
41 3376 3459
47 3584 3658
1 4356 4449
22 108 201
28 330 608
35 828 921
34 1470 1510
29 2394 2487
50 2600 2703
15 2750 2863
51 3040 3123
25 3432 3496
32 3600 3664
42 3840 3995
17 3996 4036
33 4186 4321
22 90 183
35 848 931
34 1477 1517
7 1596 1660
29 2376 2500
50 2610 2703
15 2730 2865
4 3252 3316
25 3437 3477
42 3864 4009
35 756 830
34 1309 1349
7 1404 1468
38 1824 1907
29 2064 2188
15 2394 2487
4 2784 2848
25 2940 2980
42 3224 3359
17 3372 3436
28 234 369
7 544 627
13 792 905
35 1012 1125
5 2574 2667
31 2790 2945
19 3080 3120
22 3869 3939
10 4300 4555
4 4656 4780
40 4914 5230
8 5304 5428
49 5600 5683
28 252 345
13 740 929
35 1012 1125
47 1590 1745
3 2280 2435
5 2576 2659
31 2782 2917
19 3066 3106
22 3857 3924
4 4642 4755
8 5300 5403
49 5586 5660
30 5795 6083
36 6084 6148
28 240 323
7 496 579
35 920 1023
47 1430 1565
3 2002 2115
5 2244 2308
22 3261 3331
10 3591 3743
40 4134 4269
49 4656 4720
36 5040 5104
42 330 608
48 975 1301
47 1488 1612
37 1770 1925
38 2100 2245
23 2380 2525
43 3892 4037
41 4122 4215
25 4512 4636
33 5028 5092
6 5348 5422
46 5614 5688
45 5719 5938
50 5940 6043
17 6144 6227
48 910 1264
47 1488 1612
37 1768 2112
39 2676 2740
41 4122 4215
32 4290 4403
25 4498 4633
33 5004 5097
6 5352 5416
46 5552 5635
45 5740 5927
50 5928 6052
17 6155 6196
44 525 704
48 910 1264
47 1320 1423
37 1540 1719
38 1848 1972
39 2310 2384
29 2744 2889
43 3322 3435
41 3500 3574
32 3640 3743
25 3800 3903
6 4452 4516
46 4620 4733
50 4944 5027
39 528 641
23 783 905
44 1200 1303
49 1554 1628
46 1824 1907
30 2072 2261
10 3053 3272
31 3588 3723
43 4025 4204
41 4284 4377
47 4440 4629
48 5130 5606
9 5698 5738
5 5830 5943
1 6036 6100
8 6578 6713
38 128 211
39 552 676
23 770 949
29 1116 1180
44 1280 1383
49 1632 1715
46 1904 1987
51 2520 2675
36 2842 2916
10 3128 3472
31 3612 3757
19 3876 3940
43 4082 4217
41 4326 4400
47 4469 4675
9 5712 5752
5 5852 5965
1 6048 6112
37 6200 6455
8 6519 6725
38 175 215
29 1020 1084
44 1176 1321
49 1458 1551
46 1694 1768
30 1890 2069
36 2460 2524
10 2700 2855
31 3100 3203
43 3456 3580
41 3654 3694
47 3806 3919
2 4040 4143
48 4250 4505
9 4732 4772
5 4872 4946
1 5004 5068
37 5100 5255
28 612 705
6 1022 1096
7 1197 1237
33 1376 1459
35 1728 1811
23 2184 2308
46 3040 3123
50 3322 3435
15 3528 3673
51 3796 4164
4 4200 4303
25 4394 4529
32 4644 4863
42 4875 5201
17 5220 5313
28 640 743
3 868 1013
6 1128 1192
7 1242 1335
33 1476 1569
35 1820 1894
38 2088 2152
46 3120 3255
50 3400 3503
15 3640 3743
51 3864 4247
4 4248 4372
25 4488 4612
32 4653 4892
42 4988 5207
17 5260 5363
28 620 723
3 864 988
6 1064 1138
7 1200 1264
35 1680 1744
38 1925 1965
50 2952 3045
15 3108 3253
4 3652 3765
25 3828 3941
32 4026 4139
42 4248 4372
17 4464 4547
40 4704 4828
24 1152 1276
12 1794 1929
14 2232 2325
18 980 1020
14 2240 2323
16 270 425
18 833 873
14 1920 2023
27 168 208
24 1056 1120
12 1520 1623
14 1752 1816
16 1850 2039
27 175 215
26 612 676
21 882 956
18 1337 1377
12 1520 1623
14 1728 1852
16 1890 2045
27 133 173
26 504 578
24 903 943
14 1476 1569
16 1575 1754
28 200 285
29 2320 2403
3 3410 3688
5 3766 3840
19 4151 4191
10 4704 5129
4 5136 5219
8 5356 5491
36 5588 5701
49 5868 5961
28 200 299
35 300 364
48 392 537
15 846 939
37 1020 1140
29 2304 2387
11 2484 2577
47 2800 2979
51 3197 3275
3 3444 3589
5 3756 3820
31 3888 3981
9 4438 4478
10 4662 4978
4 5096 5170
8 5346 5439
36 5544 5657
49 5838 5912
48 360 515
37 896 1041
29 2040 2104
47 2436 2581
3 2952 3076
5 3216 3280
31 3330 3423
19 3500 3574
9 3766 3806
10 3952 4217
8 4466 4579
49 4872 4946
28 570 725
35 1274 1348
41 1984 2067
32 2114 2188
25 2268 2332
46 3222 3315
29 4500 4564
50 4640 4723
8 5088 5212
30 902 1015
35 1368 1432
41 2086 2160
32 2208 2272
25 2364 2428
46 3328 3411
38 3955 3995
29 4590 4683
8 5174 5309
30 810 965
35 1232 1315
41 1855 1895
32 1946 2020
25 2064 2128
46 2832 2915
38 3325 3365
29 3816 3880
8 4256 4339
38 408 472
20 552 676
39 1008 1101
48 1428 1573
36 1908 2001
49 2070 2163
37 2652 2787
10 3350 3605
13 3708 3772
30 4144 4289
19 4424 4464
41 4858 4898
47 5010 5165
5 5796 5860
1 5922 6015
8 6150 6305
38 497 537
23 840 985
39 1098 1191
48 1520 1623
36 1998 2091
49 2160 2253
37 2730 2885
10 3441 3630
13 3792 3856
31 3960 4084
30 4238 4373
19 4501 4541
41 4935 4975
47 5112 5236
9 5712 5752
5 5868 5932
1 5988 6052
8 6216 6361
48 1344 1489
36 1760 1843
49 1904 1987
37 2376 2489
10 2940 3119
13 3248 3288
31 3388 3501
30 3586 3699
19 3822 3862
41 4165 4205
47 4312 4425
9 4788 4828
5 4928 5002
1 5016 5080
8 5214 5327
38 1710 1803
29 2112 2176
50 2556 2620
15 2736 2860
4 3360 3434
25 3591 3631
32 3760 3843
42 3940 4043
8 4836 4971
10 5180 5534
28 392 537
3 806 941
7 980 1020
35 1488 1571
38 1728 1811
23 1892 2005
29 2112 2195
46 2336 2419
15 2760 2884
4 3376 3459
25 3600 3664
32 3794 3868
42 3960 4063
8 4872 4996
10 5207 5413
28 336 481
3 726 839
7 875 915
38 1536 1600
29 1860 1924
46 2052 2116
15 2376 2489
4 2870 2944
25 3060 3124
32 3228 3292
8 4080 4204
10 4329 4518
20 300 403
44 630 723
36 816 880
45 1064 1209
49 1224 1288
11 1358 1432
38 1596 1660
29 1896 1960
13 2556 2620
31 2682 2775
30 2975 3154
19 3290 3364
43 3472 3617
41 3648 3772
47 3892 4037
37 4895 4963
9 5196 5260
5 5352 5416
8 5656 5801
38 128 211
29 480 563
44 648 741
36 816 880
22 912 995
45 1064 1209
49 1218 1292
10 2263 2631
31 2688 2762
30 2920 3288
19 3296 3379
43 3480 3583
41 3640 3775
47 3894 4007
48 4514 4703
37 4810 4945
9 5172 5236
5 5316 5380
1 5436 5500
8 5610 5765
29 434 508
36 732 796
49 1078 1152
38 1400 1474
10 1971 2339
31 2340 2392
30 2550 2705
19 2832 2915
43 2970 3083
41 3132 3225
47 3304 3449
2 3648 3772
48 3840 3995
37 4096 4179
5 4464 4528
1 4548 4612
8 4680 4835
22 168 232
28 333 522
3 600 724
6 792 905
33 1232 1306
34 1330 1370
38 1488 1552
29 1788 1852
35 1920 2075
50 2420 2533
15 2656 2739
51 2856 2963
4 3088 3171
25 3258 3351
32 3408 3472
17 3728 3811
6 910 1045
34 1470 1510
38 1620 1684
29 1920 1984
35 2030 2209
50 2560 2663
15 2756 2891
4 3216 3299
25 3388 3462
32 3540 3604
17 3878 3952
22 204 268
28 408 532
3 648 741
6 814 927
33 1218 1258
38 1404 1468
29 1652 1692
35 1742 1877
50 2142 2216
15 2280 2383
4 2640 2704
25 2772 2836
42 3000 3079
28 240 395
15 660 763
47 1792 1937
3 2392 2527
48 2788 3202
5 3376 3459
19 3792 3856
10 4686 4893
38 4932 4996
29 5292 5356
4 5418 5511
8 6045 6341
36 6342 6416
49 6564 6628
28 245 424
15 660 763
13 1320 1423
47 1800 1924
3 2400 2524
5 3360 3443
19 3794 3868
10 4669 4799
38 4920 4984
29 5268 5332
4 5408 5491
8 6000 6255
36 6320 6403
49 6512 6595
15 528 641
13 1078 1152
47 1456 1591
3 1992 2116
48 2300 2555
5 2772 2865
38 4102 4142
29 4392 4456
4 4496 4579
36 5280 5344
49 5400 5503
42 110 223
44 252 395
30 754 889
43 1000 1103
2 1180 1283
41 1356 1420
32 1512 1552
25 1666 1740
34 2156 2196
1 2737 2777
45 2860 2995
38 3038 3112
50 3454 3567
17 3612 3686
42 144 237
43 1056 1169
41 1440 1504
25 1752 1816
34 2240 2280
6 2499 2539
46 2628 2721
1 2807 2847
45 2912 3047
38 3108 3172
29 3432 3496
50 3528 3621
17 3668 3742
30 700 845
43 954 1047
2 1100 1213
41 1274 1348
25 1548 1612
22 1704 1768
33 1872 1936
34 1953 1993
6 2177 2217
46 2282 2356
1 2436 2476
45 2530 2643
38 2688 2728
29 2944 3023
50 3024 3117
17 3144 3208
16 160 243
27 385 425
14 528 611
18 658 698
24 806 941
21 960 1043
12 1118 1337
16 160 243
27 372 436
14 528 641
18 658 698
24 800 883
21 960 1043
12 1176 1321
27 301 341
14 416 499
18 532 572
24 636 700
21 768 832
12 900 1055
27 168 208
18 308 348
26 476 516
16 576 669
24 804 868
14 1306 1363
27 182 222
26 490 530
16 580 683
21 980 1054
12 1152 1245
14 1280 1383
18 245 285
12 912 1036
14 1056 1139
28 112 257
7 287 327
15 400 483
39 686 760
13 912 976
47 1276 1389
48 1998 2187
5 2296 2370
19 2576 2650
9 2870 2910
37 3030 3185
38 3564 3628
4 3996 4089
36 4672 4755
49 4768 4851
28 112 257
7 287 327
15 396 489
13 912 976
47 1312 1395
51 1482 1617
48 2016 2161
5 2292 2356
19 2576 2650
9 2863 2903
37 2997 3186
10 3325 3504
38 3576 3640
29 3871 3911
4 3960 4084
8 4428 4655
36 4656 4720
49 4736 4819
7 252 292
15 352 435
39 600 664
13 784 867
47 1148 1222
48 1764 1909
5 2016 2056
31 2112 2195
19 2244 2308
37 2580 2735
10 2856 3001
38 3052 3092
4 3392 3475
36 3927 3967
49 3990 4064
42 168 292
44 312 447
43 848 931
41 1200 1303
32 1344 1408
25 1464 1528
33 1788 1852
6 1939 1979
1 2292 2356
45 2418 2553
50 2982 3056
17 3078 3171
42 192 307
30 616 761
43 846 939
2 990 1145
41 1224 1288
25 1476 1540
6 1946 2020
34 2058 2098
1 2292 2356
45 2400 2524
38 2576 2616
50 2976 3040
42 176 259
43 738 831
2 900 993
41 1062 1155
25 1284 1348
33 1554 1628
34 1778 1818
45 2088 2181
38 2219 2259
50 2544 2608
44 572 707
49 1036 1110
38 1386 1479
39 1548 1612
29 1680 1825
10 1920 2075
13 2112 2176
31 2240 2314
43 2816 2899
41 2960 3063
47 3150 3243
48 3640 3819
9 4039 4079
5 4164 4228
1 4296 4360
44 552 676
36 714 788
49 1036 1110
39 1548 1612
29 1680 1835
10 1924 2113
30 2453 2555
43 2816 2929
41 3006 3099
47 3200 3283
2 3444 3518
48 3675 3854
9 4067 4107
5 4207 4247
1 4320 4384
8 4550 4685
44 506 619
36 630 670
49 882 975
38 1260 1300
39 1356 1420
19 2316 2380
43 2448 2531
41 2576 2659
47 2744 2818
2 2944 3027
48 3149 3388
5 3577 3617
1 3682 3756
8 3864 3988
22 100 203
28 312 447
37 560 739
3 936 1055
6 1078 1118
7 1211 1251
38 1582 1622
29 1854 1947
35 2016 2109
50 2464 2547
15 2660 2763
4 3100 3203
25 3311 3351
32 3458 3532
17 3816 3880
28 308 453
37 600 855
3 936 1029
6 1078 1118
33 1393 1433
38 1575 1615
29 1854 1947
35 2016 2109
50 2450 2524
15 2660 2763
4 3114 3207
25 3311 3351
32 3468 3532
42 3690 3783
28 288 381
7 1043 1083
33 1218 1258
29 1620 1713
35 1760 1843
50 2156 2230
15 2332 2445
4 2736 2829
25 2904 2968
42 3240 3339
17 3340 3443
7 611 850
15 910 984
38 1020 1084
39 1248 1372
13 1584 1697
47 2064 2283
48 3360 3775
5 3776 3859
31 3912 4036
19 4074 4148
9 4431 4471
4 5832 5956
8 6496 6641
36 6688 6771
49 6858 6951
15 912 995
13 1584 1667
48 3367 3556
5 3776 3859
31 3900 4003
19 4060 4134
9 4417 4457
4 5808 5932
36 6648 6712
49 6832 6906
7 600 724
15 812 886
13 1386 1499
47 1813 2002
48 2940 3365
31 3420 3523
19 3528 3621
9 3871 3911
38 4690 4730
4 5104 5217
40 5358 5597
8 5668 5803
36 5844 5908
49 5980 6083
42 150 405
44 406 557
35 558 651
43 1250 1505
41 1944 2037
32 2106 2199
25 2220 2375
22 2408 2482
6 2660 2805
34 2821 2861
1 3300 3413
45 3441 3630
38 3636 3700
50 4060 4414
42 148 337
44 350 529
35 560 663
30 876 1244
43 1248 1513
2 1640 1959
41 1960 2034
32 2124 2217
25 2256 2380
22 2422 2496
34 2821 2861
46 3058 3171
1 3324 3388
45 3480 3635
50 4089 4328
17 4329 4403
42 90 245
44 272 417
35 418 531
43 1100 1213
2 1357 1637
41 1638 1731
32 1792 1875
25 1946 2020
6 2352 2426
34 2429 2469
1 2880 2944
23 3270 3425
50 3525 3764
17 3765 3863
44 708 917
36 918 1011
45 1095 1359
49 1360 1443
10 2268 2547
13 2548 2622
19 3388 3462
41 3864 3938
48 4847 5036
9 5488 5528
5 5684 5758
1 5880 5983
8 6090 6269
36 936 1000
45 1128 1367
49 1380 1444
10 2268 2547
13 2548 2683
31 2744 2889
19 3402 3495
43 3666 3801
41 3904 3987
47 4290 4589
2 4590 4871
9 5537 5577
5 5712 5795
1 5920 6003
8 6120 6349
36 768 832
45 930 1085
49 1176 1240
10 1947 2199
13 2200 2313
31 2366 2501
30 2604 2939
19 2940 3043
43 3192 3316
41 3392 3475
47 3737 3926
48 4368 4492
9 4858 4898
5 5012 5086
1 5180 5254
8 5370 5525
22 182 256
28 390 525
3 1008 1379
6 1380 1444
7 1575 1754
33 1870 1983
34 2114 2154
50 3450 3705
15 3720 3784
32 4608 4701
17 5076 5169
40 5593 5832
22 160 263
28 392 537
3 1073 1379
6 1380 1444
33 1870 1983
34 2121 2161
35 2816 2929
50 3444 3589
15 3672 3796
51 3965 4291
17 5058 5151
40 5564 5829
22 144 208
3 910 1089
6 1176 1240
7 1316 1555
34 1820 1860
38 1908 1972
50 2990 3316
51 3444 3847
25 3848 3983
32 4016 4099
17 4438 4512
40 4875 5201
27 203 243
26 686 760
24 960 1043
21 1170 1263
27 203 243
18 483 523
26 686 760
16 828 892
24 972 1036
21 1184 1267
12 1416 1715
18 399 439
26 574 648
24 816 899
12 1248 1372
14 1428 1502
16 272 355
14 616 761
26 1610 1684
16 252 397
27 483 523
14 624 759
18 868 908
26 1610 1684
27 406 446
14 528 592
18 728 768
24 900 964
26 1368 1432
28 300 403
15 774 867
38 972 1036
11 1806 1846
3 3100 3355
48 3422 3721
5 3806 3919
19 4188 4252
37 4770 4925
10 5104 5548
4 5872 5955
40 6290 6479
49 7088 7171
36 7252 7397
28 270 425
15 784 867
38 944 1027
39 1118 1337
29 1400 1474
11 1806 1846
47 2150 2405
3 3087 3403
48 3450 3605
5 3798 3891
31 3982 4095
9 4536 4610
37 4732 4877
10 5070 5396
20 5544 5657
4 5824 5907
8 6580 6759
36 7196 7341
28 240 395
15 682 795
38 854 928
29 1267 1307
47 1944 2068
3 2772 3089
48 3090 3245
5 3400 3503
31 3576 3700
9 4080 4144
37 4238 4373
10 4551 4740
4 5222 5296
36 6456 6580
35 608 691
2 1715 1894
41 1958 2071
32 2128 2211
25 2300 2403
22 2628 2692
6 2898 2991
46 3276 3421
50 4352 4696
44 390 525
35 558 651
2 1649 1935
41 1936 2019
25 2240 2343
6 2828 2902
46 3180 3283
50 4235 4414
17 4466 4540
42 270 425
35 602 676
30 850 1105
43 1320 1475
2 1575 1754
41 1834 1908
32 1952 2035
25 2100 2203
6 2664 2728
46 2970 3083
38 3456 3520
50 3930 4085
17 4140 4204
44 600 755
49 1064 1138
36 1352 1487
38 1820 1860
39 1940 2043
30 2970 3425
19 3458 3532
43 3620 3723
41 3840 3943
2 4366 4555
48 4620 4799
5 5208 5282
1 5348 5422
8 5494 5700
38 128 211
20 288 412
29 468 532
44 600 755
49 1064 1138
45 1190 1367
36 1368 1492
39 1936 2049
30 2945 3421
19 3500 3574
43 3636 3729
41 3856 3939
47 4080 4204
2 4386 4605
5 5244 5308
1 5376 5450
38 132 196
29 420 460
44 540 695
49 952 1026
45 1080 1231
36 1232 1345
39 1720 1823
10 2068 2307
13 2308 2441
30 2709 3025
43 3264 3388
41 3468 3532
47 3672 3796
2 3915 4144
5 4704 4778
1 4830 4904
22 180 283
28 374 487
3 930 1085
7 1264 1347
38 1608 1672
23 1710 1865
35 2032 2115
4 3300 3413
25 3486 3560
32 3584 3667
17 3920 3994
28 400 503
37 553 951
3 952 1097
6 1134 1227
7 1280 1363
38 1620 1684
23 1736 1881
29 1932 2006
35 2052 2116
4 3294 3387
25 3472 3546
32 3564 3677
17 3900 4003
40 4235 4414
22 196 270
37 532 677
7 1148 1222
33 1288 1328
38 1452 1516
35 1834 1908
50 2296 2441
15 2486 2599
4 2940 3043
17 3504 3587
40 3770 4096
28 196 341
7 462 536
15 800 903
35 1562 1675
47 2257 2446
5 3732 3796
31 3878 3952
29 5436 5500
4 5688 5752
8 6354 6447
49 6648 6712
36 6784 6867
15 810 903
38 1008 1072
35 1560 1695
47 2255 2533
3 3036 3149
5 3780 3844
31 3920 4003
29 5472 5536
4 5736 5800
8 6390 6483
49 6696 6760
36 6822 6915
7 420 484
15 720 813
35 1386 1499
47 1998 2187
3 2660 2805
48 3053 3272
5 3372 3436
31 3488 3571
37 4015 4383
38 4634 4674
29 4872 4936
4 5100 5164
49 5922 6015
36 6076 6150
44 368 451
35 600 703
30 945 1124
2 1785 1964
41 2192 2275
32 2394 2468
22 2912 2995
6 3348 3441
34 3570 3610
38 4608 4672
29 5068 5108
50 5240 5343
17 5500 5603
44 374 487
43 1408 1491
2 1785 1964
41 2176 2259
32 2394 2468
25 2640 2704
22 2896 2979
6 3346 3420
34 3570 3610
45 4334 4447
38 4620 4660
29 5061 5101
50 5232 5356
17 5478 5591
35 468 561
30 768 892
2 1500 1655
41 1840 1923
46 3348 3441
45 3744 3879
38 3996 4060
29 4403 4443
50 4554 4647
17 4770 4863
38 132 196
29 528 592
44 740 843
49 1044 1108
45 1260 1405
36 1460 1563
39 2180 2283
30 3450 3705
43 4032 4156
41 4336 4419
2 4865 5044
48 5285 5464
9 5705 5745
5 5868 5932
1 6048 6112
8 6300 6393
20 320 423
29 528 592
44 744 868
49 952 1097
45 1232 1377
36 1458 1551
38 2023 2063
10 2660 2805
31 3216 3299
30 3556 3701
41 4410 4484
48 5335 5825
1 6132 6196
8 6358 6471
38 112 152
29 456 520
49 912 976
45 1100 1203
36 1295 1335
10 2352 2476
31 2842 2916
30 3108 3253
19 3456 3520
41 3892 3966
47 4114 4227
2 4396 4541
48 4687 4906
5 5292 5332
1 5424 5488
8 5632 5715
22 144 227
28 416 551
6 1340 1443
7 1608 1672
38 2226 2300
29 2676 2740
35 2920 3023
46 3222 3315
50 3440 3509
4 4368 4442
25 4648 4688
32 4858 4932
17 5376 5459
40 5694 5829
28 416 551
6 1372 1446
7 1620 1684
34 2051 2091
38 2254 2328
29 2736 2800
35 2970 3083
50 3520 3623
15 3726 3819
4 4488 4552
25 4767 4807
17 5504 5587
22 96 179
28 312 436
37 570 725
3 918 1011
6 1120 1194
29 2316 2380
35 2520 2623
15 3204 3297
4 3888 3952
25 4137 4177
17 4788 4881
18 468 532
16 858 993
27 224 298
18 490 530
26 672 736
16 810 965
12 1530 1685
14 1840 1923
27 182 256
18 406 446
26 560 634
21 1100 1213
14 1536 1600
16 100 203
12 1416 1540
16 80 163
27 329 369
14 528 611
18 707 747
12 1404 1539
12 1246 1320
28 132 245
7 306 399
15 532 606
38 756 820
39 940 1043
29 1140 1204
13 1300 1435
47 1770 1925
3 2380 2525
48 2704 2839
31 3288 3412
19 3472 3555
37 3976 4050
4 5024 5107
8 5610 5765
36 5868 5932
49 6060 6124
28 112 257
15 522 615
38 736 819
39 940 1043
29 1136 1219
13 1312 1395
47 1750 1929
3 2331 2520
48 2670 2825
5 3120 3184
10 4238 4373
4 5022 5115
40 5250 5429
8 5576 5867
36 5868 5932
49 6048 6112
28 140 243
15 460 563
38 672 736
39 846 939
29 1020 1084
13 1166 1279
47 1596 1741
3 2109 2298
48 2392 2527
5 2740 2843
10 3780 3925
4 4482 4575
40 4687 4906
8 5018 5153
36 5250 5290
49 5404 5478
42 141 380
35 620 723
30 960 1115
43 1290 1445
2 1534 1833
32 2158 2293
46 3720 3823
1 4044 4108
45 4246 4359
38 4572 4636
17 5680 5763
35 684 777
30 984 1291
2 1650 1805
41 2016 2109
25 2496 2631
46 3762 3875
45 4316 4451
38 4624 4707
17 5720 5823
42 123 223
35 576 669
43 1140 1295
2 1380 1535
41 1740 1804
32 1908 2001
45 3795 4073
38 4095 4135
50 4770 4999
38 120 184
36 1134 1174
49 1572 1636
39 2368 2451
13 3080 3183
31 3344 3639
43 4180 4527
41 4528 4611
47 4773 4992
2 5160 5379
48 5445 5723
8 6438 6627
38 120 184
36 1128 1192
49 1572 1636
39 2388 2452
29 2580 2644
10 2790 2945
31 3300 3566
30 3567 3773
19 3888 3971
43 4089 4328
41 4438 4512
47 4740 4895
2 5044 5369
48 5370 5525
5 5976 6069
1 6156 6220
8 6356 6501
38 120 184
36 1022 1062
49 1416 1480
29 2338 2378
10 2520 2675
31 3010 3189
30 3280 3575
19 3576 3640
41 4080 4163
47 4350 4505
2 4620 4799
48 4920 5023
5 5436 5529
1 5604 5668
8 5784 5908
28 432 525
37 700 803
6 1344 1418
38 2340 2404
23 2580 2735
35 3094 3168
46 3388 3501
50 3630 3785
15 3952 4035
4 4598 4711
25 4860 4963
32 5096 5241
17 5712 5795
28 420 523
37 672 796
6 1344 1408
7 1606 1719
34 2100 2140
38 2366 2406
29 2880 2944
35 3114 3207
15 4017 4107
4 4664 4777
25 4896 5020
42 5488 5633
17 5744 5827
40 6016 6255
28 350 424
37 540 643
3 812 957
6 1104 1168
38 1980 2044
23 2184 2329
35 2646 2720
46 2912 2995
50 3136 3281
15 3438 3531
4 4020 4123
25 4224 4337
32 4452 4597
17 4976 5059
40 5215 5394
